     7.000     0.033     0.841     0.449     0.221     0.659     0.128
     7.000     0.001     0.875     0.387     0.508     0.647     0.116
     7.000     1.041     0.732     0.392     0.001     0.769     0.058
     7.000     0.581     0.803     0.382     0.001     0.728     0.097
     7.000     0.001     0.876     0.380     0.530     0.679     0.089
     7.000     0.001     0.866     0.414     0.739     0.558     0.151
     7.000     0.385     0.765     0.460     0.001     0.776     0.067
     7.000     0.496     0.893     0.262     0.001     0.753     0.081
     7.000     0.299     0.867     0.355     0.273     0.702     0.088
     7.000     0.201     0.827     0.421     0.580     0.701     0.059
     7.000     0.949     0.698     0.456     0.171     0.658     0.135
     7.000     0.001     0.874     0.390     0.246     0.660     0.136
     7.000     1.125     0.760     0.326     0.001     0.758     0.070
     7.000     0.405     0.804     0.416     0.924     0.665     0.057
     7.000     0.790     0.761     0.393     0.001     0.731     0.094
     7.000     0.371     0.790     0.434     0.515     0.641     0.115
     7.000     0.825     0.727     0.441     0.001     0.670     0.141
     7.000     0.001     0.918     0.331     0.509     0.614     0.136
     7.000     0.627     0.758     0.425     0.104     0.685     0.124
     7.000     0.754     0.755     0.435     0.587     0.686     0.062
     7.000     0.064     0.825     0.424     0.670     0.699     0.066
     7.000     0.919     0.818     0.304     0.001     0.662     0.147
     7.000     0.195     0.826     0.426     0.576     0.654     0.097
     7.000     0.757     0.784     0.383     0.001     0.718     0.100
     7.000     0.624     0.774     0.419     0.529     0.686     0.073
     7.000     0.312     0.825     0.400     0.625     0.695     0.067
     7.000     0.068     0.892     0.354     0.949     0.642     0.067
     7.000     0.543     0.855     0.318     0.519     0.711     0.060
     7.000     0.315     0.839     0.386     0.001     0.746     0.084
     7.000     1.005     0.735     0.372     0.001     0.731     0.100
     7.000     0.645     0.764     0.399     0.091     0.746     0.082
     7.000     0.260     0.820     0.412     0.539     0.599     0.150
     7.000     0.561     0.771     0.431     0.001     0.721     0.098
     7.000     0.001     0.863     0.416     0.351     0.642     0.134
     7.000     0.001     0.848     0.416     0.712     0.669     0.084
     7.000     0.684     0.796     0.364     0.084     0.772     0.054
     7.000     0.749     0.739     0.434     0.052     0.704     0.110
     7.000     0.708     0.747     0.425     0.001     0.691     0.126
     7.000     0.133     0.812     0.460     0.196     0.680     0.118
     7.000     0.412     0.812     0.447     0.001     0.612     0.164
     7.000     0.862     0.757     0.388     0.123     0.723     0.089
     7.000     0.560     0.805     0.390     0.280     0.709     0.081
     7.000     0.796     0.746     0.425     0.256     0.738     0.061
     7.000     0.001     0.804     0.511     0.001     0.636     0.159
     7.000     0.602     0.838     0.344     0.001     0.710     0.098
     7.000     0.390     0.805     0.386     0.252     0.771     0.058
     7.000     0.530     0.805     0.385     0.563     0.679     0.080
     7.000     0.270     0.810     0.426     0.062     0.716     0.098
     7.000     1.094     0.749     0.388     0.001     0.699     0.106
     7.000     0.121     0.871     0.380     0.305     0.643     0.130
     7.000     0.001     0.893     0.368     0.293     0.707     0.084
     7.000     0.448     0.785     0.436     0.045     0.704     0.110
     7.000     0.438     0.754     0.489     0.338     0.643     0.125
     7.000     0.953     0.756     0.383     0.260     0.676     0.110
     7.000     0.039     0.853     0.416     0.344     0.667     0.111
     7.000     0.001     0.838     0.435     0.361     0.679     0.098
     7.000     0.660     0.798     0.378     0.786     0.710     0.030
     7.000     0.001     0.826     0.460     0.593     0.742     0.036
     7.000     0.225     0.846     0.404     0.515     0.657     0.095
     7.000     0.546     0.806     0.405     0.001     0.715     0.102
     7.000     0.864     0.752     0.408     0.037     0.678     0.125
     7.000     0.364     0.824     0.393     0.356     0.686     0.100
     7.000     0.865     0.743     0.388     0.137     0.689     0.119
     7.000     0.278     0.845     0.388     0.308     0.677     0.107
     7.000     0.528     0.808     0.369     0.001     0.755     0.083
     7.000     0.520     0.780     0.416     0.661     0.724     0.035
     7.000     0.847     0.793     0.340     0.195     0.786     0.037
     7.000     0.842     0.727     0.440     0.218     0.725     0.076
     7.000     0.224     0.795     0.445     0.026     0.707     0.117
     7.000     0.503     0.809     0.391     0.001     0.779     0.055
     7.000     0.376     0.809     0.431     0.001     0.683     0.124
     7.000     0.530     0.784     0.409     0.231     0.737     0.064
     7.000     0.451     0.808     0.392     0.001     0.692     0.127
     7.000     1.141     0.709     0.396     0.272     0.796     0.018
     7.000     0.479     0.791     0.407     0.459     0.703     0.076
     7.000     0.001     0.866     0.403     0.401     0.716     0.070
     7.000     1.194     0.716     0.397     0.376     0.778     0.009
     7.000     0.670     0.738     0.441     0.527     0.713     0.054
     7.000     0.196     0.854     0.391     0.509     0.685     0.078
     7.000     0.237     0.828     0.421     0.330     0.667     0.104
     7.000     0.400     0.797     0.414     0.365     0.710     0.078
     7.000     0.604     0.806     0.378     0.095     0.722     0.089
     7.000     0.496     0.821     0.389     0.122     0.645     0.142
     7.000     0.001     0.886     0.359     0.455     0.676     0.103
     7.000     0.071     0.860     0.412     0.001     0.660     0.140
     7.000     0.402     0.833     0.371     1.021     0.698     0.022
     7.000     0.794     0.742     0.440     0.001     0.757     0.069
     7.000     0.145     0.845     0.406     0.487     0.610     0.141
     7.000     0.221     0.840     0.397     0.001     0.713     0.113
     7.000     0.434     0.822     0.389     0.002     0.740     0.091
     7.000     0.379     0.801     0.425     0.349     0.631     0.142
     7.000     0.001     0.807     0.476     0.653     0.684     0.080
     7.000     0.326     0.857     0.345     0.239     0.709     0.091
     7.000     0.589     0.737     0.464     0.415     0.711     0.069
     7.000     0.248     0.790     0.459     0.690     0.679     0.071
     7.000     0.254     0.882     0.337     0.001     0.759     0.066
     7.000     0.479     0.816     0.383     0.486     0.673     0.092
     7.000     0.792     0.801     0.325     0.036     0.701     0.120
     7.000     0.844     0.736     0.437     0.001     0.751     0.074
     7.000     0.001     0.929     0.319     0.426     0.670     0.100
     7.000     0.631     0.775     0.409     0.444     0.663     0.107
     7.000     0.683     0.741     0.454     0.001     0.706     0.115
     7.000     0.330     0.775     0.479     0.001     0.758     0.064
     7.000     0.038     0.842     0.440     0.287     0.704     0.088
     7.000     0.436     0.799     0.420     0.001     0.697     0.125
     7.000     0.582     0.813     0.378     0.324     0.696     0.086
     7.000     0.001     0.873     0.392     0.226     0.673     0.116
     7.000     0.001     0.863     0.398     0.597     0.690     0.076
     7.000     0.133     0.856     0.392     0.124     0.686     0.118
     7.000     0.720     0.765     0.390     0.005     0.730     0.104
     7.000     0.001     0.844     0.443     0.288     0.728     0.061
     7.000     0.287     0.823     0.426     0.549     0.638     0.106
     7.000     0.409     0.748     0.499     0.758     0.735     0.016
     7.000     0.314     0.861     0.354     0.126     0.663     0.133
     7.000     0.627     0.837     0.330     0.001     0.764     0.064
     7.000     0.269     0.780     0.492     0.001     0.644     0.152
     7.000     0.313     0.783     0.452     0.001     0.680     0.139
     7.000     0.543     0.814     0.371     0.001     0.695     0.124
     7.000     0.512     0.776     0.437     0.001     0.745     0.078
     7.000     1.083     0.751     0.342     0.127     0.700     0.114
     7.000     0.617     0.748     0.459     0.001     0.707     0.111
     7.000     0.001     0.899     0.354     0.250     0.739     0.067
     7.000     0.204     0.882     0.350     0.588     0.654     0.098
     7.000     0.305     0.812     0.421     0.700     0.664     0.078
     7.000     0.884     0.781     0.359     0.001     0.733     0.091
     7.000     0.230     0.866     0.338     0.001     0.725     0.110
     7.000     1.106     0.765     0.329     0.001     0.742     0.089
     7.000     0.383     0.864     0.366     0.162     0.674     0.112
     7.000     0.467     0.816     0.389     0.421     0.700     0.071
     7.000     0.040     0.870     0.407     0.565     0.681     0.075
     7.000     0.742     0.754     0.412     0.001     0.764     0.076
     7.000     1.324     0.661     0.437     0.001     0.764     0.066
     7.000     0.965     0.771     0.354     0.199     0.710     0.092
     7.000     0.562     0.781     0.422     0.001     0.687     0.133
     7.000     0.615     0.807     0.367     0.197     0.674     0.119
     7.000     0.492     0.774     0.429     0.176     0.685     0.120
     7.000     0.001     0.896     0.348     0.980     0.661     0.058
     7.000     0.577     0.818     0.377     0.001     0.712     0.103
     7.000     0.717     0.734     0.468     0.001     0.603     0.184
     7.000     0.040     0.852     0.413     0.564     0.661     0.095
     7.000     0.001     0.791     0.495     0.001     0.660     0.154
     7.000     0.722     0.795     0.363     0.389     0.721     0.069
     7.000     0.507     0.776     0.413     0.272     0.722     0.087
     7.000     0.629     0.768     0.406     0.001     0.686     0.132
     7.000     0.477     0.821     0.384     0.861     0.691     0.036
     7.000     0.004     0.853     0.426     0.685     0.630     0.107
     7.000     0.342     0.834     0.389     0.001     0.698     0.122
     7.000     0.750     0.763     0.399     0.001     0.746     0.086
     7.000     0.121     0.804     0.469     0.337     0.664     0.113
     7.000     0.349     0.831     0.402     0.091     0.672     0.125
     7.000     0.001     0.853     0.413     0.750     0.688     0.059
     7.000     0.246     0.837     0.385     0.001     0.726     0.102
     7.000     0.001     0.861     0.411     0.490     0.663     0.099
     7.000     0.419     0.782     0.441     0.287     0.686     0.103
     7.000     0.471     0.808     0.395     0.617     0.689     0.067
     7.000     0.413     0.780     0.444     0.250     0.744     0.063
     7.000     0.957     0.756     0.376     0.074     0.716     0.095
     7.000     0.901     0.791     0.339     0.015     0.742     0.080
     7.000     0.215     0.893     0.336     0.554     0.672     0.081
     7.000     0.262     0.861     0.374     0.001     0.637     0.169
     7.000     0.679     0.789     0.374     0.001     0.700     0.125
     7.000     0.578     0.780     0.396     0.253     0.698     0.105
     7.000     0.601     0.796     0.392     0.001     0.752     0.078
     7.000     1.100     0.702     0.428     0.001     0.743     0.081
     7.000     0.606     0.813     0.359     0.001     0.713     0.111
     7.000     0.507     0.812     0.396     0.123     0.763     0.053
     7.000     0.336     0.826     0.402     0.001     0.742     0.084
     7.000     0.406     0.812     0.397     0.498     0.712     0.065
     7.000     0.274     0.805     0.439     0.570     0.619     0.127
     7.000     0.554     0.805     0.380     0.745     0.662     0.076
     7.000     0.812     0.759     0.395     0.170     0.686     0.114
     7.000     0.689     0.777     0.406     0.001     0.722     0.097
     7.000     0.448     0.776     0.455     0.001     0.742     0.078
     7.000     0.001     0.839     0.424     0.603     0.654     0.103
     7.000     0.345     0.834     0.394     0.230     0.640     0.142
     7.000     0.253     0.844     0.380     0.001     0.712     0.112
     7.000     0.902     0.730     0.421     0.001     0.736     0.092
     7.000     0.391     0.785     0.447     0.875     0.631     0.089
     7.000     0.386     0.773     0.457     0.001     0.730     0.099
     7.000     1.214     0.717     0.389     0.001     0.691     0.122
     7.000     0.477     0.767     0.447     0.001     0.743     0.085
     7.000     0.446     0.806     0.432     0.378     0.602     0.146
     7.000     0.245     0.828     0.421     0.883     0.669     0.051
     7.000     0.485     0.836     0.351     0.116     0.706     0.100
     7.000     0.794     0.715     0.473     0.001     0.700     0.111
     7.000     0.183     0.799     0.451     0.718     0.729     0.029
     7.000     1.016     0.733     0.392     0.291     0.730     0.066
     7.000     0.883     0.739     0.406     0.001     0.712     0.114
     7.000     0.991     0.748     0.385     0.001     0.737     0.089
     7.000     0.773     0.800     0.350     0.001     0.701     0.122
     7.000     0.497     0.757     0.457     0.193     0.725     0.082
     7.000     0.678     0.777     0.384     0.864     0.684     0.054
     7.000     0.702     0.819     0.334     0.001     0.727     0.098
     7.000     0.682     0.771     0.414     0.438     0.711     0.067
     7.000     0.761     0.752     0.419     0.333     0.665     0.111
     7.000     0.587     0.826     0.352     0.407     0.708     0.075
     7.000     0.001     0.933     0.297     0.001     0.692     0.132
     7.000     0.070     0.844     0.441     1.142     0.659     0.036
     7.000     0.060     0.882     0.374     0.543     0.614     0.138
     7.000     0.927     0.751     0.396     0.001     0.673     0.138
     7.000     0.120     0.816     0.434     0.019     0.681     0.144
     7.000     1.015     0.766     0.359     0.278     0.725     0.070
     7.000     0.001     0.866     0.403     0.359     0.689     0.090
     7.000     0.253     0.770     0.483     0.001     0.670     0.147
     7.000     0.027     0.854     0.422     0.879     0.602     0.109
     7.000     0.836     0.790     0.346     0.001     0.748     0.081
     7.000     0.232     0.816     0.453     1.092     0.518     0.144
     7.000     1.277     0.725     0.367     0.052     0.729     0.091
     7.000     0.190     0.853     0.378     0.452     0.732     0.053
     7.000     0.001     0.828     0.459     0.529     0.681     0.085
     7.000     0.533     0.820     0.369     0.335     0.686     0.100
     7.000     0.261     0.864     0.355     0.510     0.706     0.070
     7.000     0.679     0.795     0.368     0.436     0.740     0.040
     7.000     1.040     0.746     0.398     0.001     0.732     0.086
     7.000     0.442     0.825     0.364     0.621     0.669     0.083
     7.000     0.444     0.845     0.343     0.220     0.714     0.093
     7.000     0.001     0.848     0.435     0.650     0.657     0.087
     7.000     0.566     0.782     0.398     0.082     0.774     0.057
     7.000     0.367     0.798     0.419     0.001     0.726     0.105
     7.000     0.001     0.868     0.406     0.852     0.658     0.068
     7.000     0.753     0.719     0.457     0.185     0.701     0.104
     7.000     0.568     0.758     0.425     0.001     0.750     0.088
     7.000     0.294     0.837     0.398     0.699     0.730     0.025
     7.000     0.478     0.776     0.450     0.001     0.673     0.133
     7.000     1.281     0.688     0.424     0.146     0.680     0.113
     7.000     0.683     0.737     0.482     0.001     0.705     0.095
     7.000     0.439     0.847     0.356     0.454     0.664     0.098
     7.000     1.311     0.702     0.356     0.022     0.747     0.088
     7.000     0.468     0.786     0.437     0.001     0.748     0.075
     7.000     0.576     0.851     0.309     0.085     0.725     0.096
     7.000     0.382     0.811     0.414     0.355     0.652     0.124
     7.000     0.499     0.763     0.462     0.478     0.698     0.066
     7.000     0.375     0.836     0.411     0.133     0.702     0.093
     7.000     0.001     0.871     0.398     0.461     0.728     0.054
     7.000     0.726     0.847     0.305     0.001     0.770     0.062
     7.000     0.618     0.747     0.471     0.001     0.709     0.103
     7.000     0.001     0.830     0.470     0.657     0.638     0.097
     7.000     1.018     0.678     0.491     0.339     0.661     0.103
     7.000     0.417     0.792     0.446     0.347     0.713     0.063
     7.000     0.686     0.728     0.471     0.001     0.740     0.086
     7.000     0.451     0.814     0.378     0.232     0.718     0.083
     7.000     1.185     0.750     0.338     0.001     0.737     0.090
     7.000     0.594     0.742     0.440     0.001     0.764     0.076
     7.000     0.001     0.885     0.369     0.809     0.657     0.082
     7.000     0.783     0.741     0.418     0.001     0.722     0.105
     7.000     0.108     0.812     0.447     0.046     0.684     0.135
     7.000     0.600     0.809     0.371     0.001     0.702     0.113
     7.000     0.351     0.858     0.335     0.509     0.639     0.127
     7.000     0.768     0.755     0.418     0.001     0.679     0.134
     7.000     0.001     0.835     0.453     0.557     0.643     0.107
     7.000     0.308     0.793     0.457     0.318     0.679     0.101
     7.000     0.415     0.799     0.412     1.023     0.632     0.081
     7.000     0.825     0.773     0.379     0.001     0.735     0.086
     7.000     0.090     0.845     0.429     0.716     0.652     0.076
     7.000     0.219     0.850     0.372     0.001     0.746     0.088
     7.000     0.357     0.798     0.443     0.001     0.708     0.112
     7.000     0.196     0.886     0.335     1.179     0.631     0.060
     7.000     1.414     0.690     0.358     0.001     0.773     0.066
     7.000     0.001     0.855     0.432     0.746     0.647     0.085
     7.000     0.583     0.761     0.431     0.001     0.683     0.135
     7.000     0.751     0.760     0.410     0.001     0.709     0.114
     7.000     0.501     0.808     0.381     0.001     0.759     0.073
     7.000     0.557     0.804     0.388     0.001     0.734     0.084
     7.000     0.557     0.820     0.368     0.001     0.623     0.179
     7.000     0.281     0.817     0.407     1.138     0.656     0.048
     7.000     0.604     0.815     0.370     0.001     0.689     0.122
     7.000     0.009     0.883     0.375     0.001     0.716     0.107
     7.000     0.001     0.856     0.436     0.341     0.635     0.129
     7.000     0.810     0.792     0.363     0.001     0.750     0.075
     7.000     0.290     0.817     0.410     0.001     0.708     0.119
     7.000     0.258     0.843     0.376     0.583     0.693     0.067
     7.000     1.386     0.735     0.329     0.001     0.702     0.115
     7.000     0.468     0.782     0.434     0.229     0.718     0.078
     7.000     0.154     0.804     0.470     0.367     0.669     0.100
     7.000     0.899     0.759     0.368     0.001     0.762     0.077
     7.000     0.353     0.849     0.369     0.572     0.618     0.129
     7.000     0.929     0.740     0.410     0.190     0.679     0.116
     7.000     0.907     0.806     0.298     0.001     0.741     0.095
     7.000     0.225     0.823     0.407     0.001     0.722     0.107
     7.000     0.574     0.817     0.350     0.810     0.685     0.064
     7.000     0.001     0.865     0.417     0.001     0.736     0.087
     7.000     0.115     0.864     0.391     0.570     0.629     0.119
     7.000     0.737     0.790     0.376     0.194     0.710     0.089
     7.000     0.323     0.835     0.366     0.333     0.729     0.069
     7.000     0.642     0.780     0.365     0.229     0.725     0.090
     7.000     0.817     0.742     0.405     0.250     0.745     0.065
     7.000     0.807     0.747     0.416     0.033     0.660     0.144
     7.000     0.584     0.789     0.395     0.556     0.709     0.060
     7.000     0.510     0.832     0.345     0.253     0.654     0.132
     7.000     0.001     0.864     0.395     0.416     0.651     0.126
     7.000     0.518     0.767     0.442     0.001     0.721     0.104
     7.000     0.093     0.859     0.390     0.103     0.694     0.122
     7.000     0.506     0.835     0.373     0.050     0.663     0.134
     7.000     0.001     0.848     0.429     0.985     0.591     0.112
     7.000     1.326     0.677     0.426     0.001     0.773     0.052
     7.000     0.540     0.795     0.413     0.001     0.692     0.123
     7.000     0.780     0.791     0.358     0.001     0.749     0.080
     7.000     0.001     0.898     0.385     0.210     0.692     0.095
     7.000     0.183     0.850     0.405     0.001     0.780     0.054
     7.000     0.297     0.812     0.428     0.001     0.707     0.109
     7.000     0.560     0.768     0.420     0.261     0.685     0.106
     7.000     0.833     0.789     0.347     0.001     0.762     0.073
     7.000     1.181     0.708     0.379     0.001     0.725     0.114
     7.000     0.001     0.851     0.414     0.914     0.665     0.062
     7.000     0.634     0.790     0.397     0.001     0.747     0.079
     7.000     0.547     0.844     0.329     0.177     0.693     0.113
     7.000     0.619     0.770     0.426     0.825     0.622     0.096
     7.000     0.325     0.809     0.433     0.001     0.690     0.123
     7.000     0.285     0.815     0.426     0.431     0.666     0.100
     7.000     0.530     0.760     0.473     0.504     0.649     0.104
     7.000     0.412     0.796     0.427     0.220     0.684     0.108
     7.000     0.213     0.911     0.322     0.145     0.714     0.087
     7.000     0.244     0.855     0.366     0.001     0.705     0.122
     7.000     0.287     0.858     0.377     0.260     0.643     0.136
     7.000     0.301     0.881     0.311     0.981     0.697     0.031
     7.000     0.877     0.767     0.381     0.132     0.721     0.087
     7.000     0.306     0.780     0.481     0.651     0.694     0.049
     7.000     0.580     0.790     0.425     0.001     0.726     0.092
     7.000     0.730     0.804     0.347     0.435     0.681     0.090
     7.000     0.471     0.767     0.462     0.261     0.695     0.094
     7.000     0.506     0.805     0.386     0.465     0.694     0.080
     7.000     0.886     0.734     0.413     0.001     0.735     0.093
     7.000     0.001     0.869     0.386     0.226     0.726     0.081
     7.000     0.430     0.765     0.479     0.001     0.661     0.140
     7.000     0.001     0.824     0.444     1.016     0.642     0.071
     7.000     0.295     0.777     0.485     0.144     0.764     0.053
     7.000     0.642     0.809     0.367     0.001     0.695     0.125
     7.000     0.262     0.838     0.392     0.927     0.620     0.088
     7.000     1.169     0.740     0.356     0.001     0.715     0.104
     7.000     0.655     0.788     0.403     0.047     0.692     0.113
     7.000     0.475     0.797     0.404     0.001     0.757     0.084
     7.000     0.810     0.728     0.443     0.001     0.723     0.098
     7.000     0.566     0.811     0.378     0.001     0.733     0.096
     7.000     0.360     0.823     0.384     0.001     0.604     0.199
     7.000     0.870     0.763     0.392     0.001     0.732     0.087
     7.000     1.212     0.690     0.420     0.001     0.793     0.038
     7.000     0.601     0.815     0.369     0.001     0.716     0.102
     7.000     0.262     0.836     0.399     0.146     0.718     0.086
     7.000     0.001     0.900     0.363     0.694     0.642     0.096
     7.000     0.001     0.843     0.428     0.974     0.650     0.069
     7.000     0.479     0.806     0.392     0.155     0.743     0.071
     7.000     0.594     0.806     0.367     0.593     0.663     0.094
     7.000     0.156     0.788     0.479     0.461     0.651     0.115
     7.000     0.485     0.837     0.359     0.086     0.740     0.080
     7.000     0.001     0.877     0.372     0.165     0.670     0.133
     7.000     0.520     0.821     0.383     0.001     0.630     0.170
     7.000     0.326     0.851     0.380     0.550     0.654     0.093
     7.000     1.156     0.764     0.317     0.161     0.773     0.051
     7.000     0.629     0.804     0.380     0.001     0.653     0.156
     7.000     0.162     0.846     0.408     0.110     0.722     0.093
     7.000     0.269     0.854     0.371     0.815     0.633     0.089
     7.000     1.045     0.773     0.321     0.048     0.725     0.099
     7.000     0.197     0.792     0.453     0.521     0.732     0.052
     7.000     0.167     0.900     0.333     0.001     0.691     0.127
     7.000     0.546     0.809     0.381     0.001     0.715     0.107
     7.000     0.376     0.780     0.438     0.001     0.752     0.082
     7.000     0.801     0.754     0.409     0.228     0.687     0.108
     7.000     0.836     0.715     0.475     0.001     0.668     0.129
     7.000     0.180     0.849     0.385     0.465     0.704     0.078
     7.000     0.393     0.748     0.512     0.544     0.643     0.107
     7.000     0.465     0.839     0.339     0.641     0.703     0.062
     7.000     0.001     0.858     0.411     0.893     0.630     0.093
     7.000     0.991     0.719     0.418     0.305     0.682     0.108
     7.000     0.802     0.732     0.427     0.047     0.723     0.100
     7.000     0.466     0.795     0.410     0.282     0.720     0.075
     7.000     0.415     0.820     0.405     0.001     0.701     0.113
     7.000     0.699     0.786     0.386     0.002     0.677     0.134
     7.000     0.059     0.866     0.392     0.618     0.631     0.113
     7.000     0.706     0.759     0.436     0.001     0.695     0.116
     7.000     0.386     0.786     0.429     0.301     0.705     0.086
     7.000     0.256     0.838     0.391     0.001     0.715     0.109
     7.000     0.501     0.801     0.405     0.041     0.753     0.076
     7.000     0.631     0.795     0.385     0.732     0.709     0.039
     7.000     0.239     0.826     0.404     0.616     0.675     0.088
     7.000     1.053     0.754     0.361     0.001     0.757     0.073
     7.000     0.428     0.836     0.354     0.122     0.712     0.099
     7.000     0.382     0.818     0.392     0.187     0.679     0.122
     7.000     0.001     0.892     0.374     0.001     0.714     0.110
     7.000     0.776     0.787     0.373     0.396     0.682     0.087
     7.000     0.652     0.792     0.368     0.251     0.709     0.094
     7.000     0.884     0.743     0.410     0.001     0.727     0.095
     7.000     0.365     0.841     0.377     0.482     0.679     0.082
     7.000     0.052     0.800     0.507     0.350     0.658     0.114
     7.000     0.017     0.912     0.321     0.632     0.700     0.064
     7.000     0.647     0.782     0.396     0.001     0.792     0.050
     7.000     0.452     0.770     0.432     0.062     0.752     0.079
     7.000     0.870     0.784     0.339     0.001     0.678     0.145
     7.000     0.871     0.695     0.465     0.001     0.675     0.145
     7.000     0.440     0.773     0.475     0.382     0.694     0.082
     7.000     0.836     0.744     0.407     0.001     0.780     0.057
     7.000     0.484     0.831     0.370     0.330     0.654     0.117
     7.000     0.001     0.896     0.388     0.878     0.614     0.089
     7.000     0.483     0.835     0.355     0.035     0.696     0.125
     7.000     0.249     0.871     0.362     0.137     0.753     0.066
     7.000     0.437     0.779     0.427     0.001     0.678     0.135
     7.000     0.294     0.794     0.439     0.095     0.716     0.104
     7.000     1.039     0.684     0.469     0.499     0.712     0.058
     7.000     0.976     0.775     0.340     0.089     0.731     0.087
     7.000     0.740     0.750     0.448     0.732     0.657     0.071
     7.000     0.001     0.888     0.368     0.562     0.622     0.126
     7.000     0.692     0.783     0.393     0.100     0.753     0.063
     7.000     0.782     0.749     0.407     0.001     0.798     0.045
     7.000     0.347     0.834     0.374     0.466     0.731     0.060
     7.000     0.122     0.833     0.427     0.509     0.658     0.106
     7.000     0.883     0.753     0.392     0.063     0.738     0.081
     7.000     0.811     0.771     0.405     0.001     0.726     0.089
     7.000     0.775     0.758     0.411     0.001     0.741     0.083
     7.000     0.757     0.820     0.342     0.022     0.673     0.134
     7.000     0.734     0.778     0.404     0.282     0.674     0.102
     7.000     1.348     0.690     0.404     0.001     0.731     0.095
     7.000     0.617     0.771     0.426     0.001     0.756     0.075
     7.000     1.223     0.717     0.383     0.001     0.684     0.133
     7.000     0.779     0.754     0.405     0.001     0.786     0.049
     7.000     0.322     0.808     0.407     0.357     0.717     0.074
     7.000     0.001     0.861     0.411     0.638     0.669     0.081
     7.000     0.826     0.797     0.334     0.246     0.736     0.063
     7.000     0.001     0.883     0.396     0.768     0.642     0.082
     7.000     0.419     0.772     0.451     0.001     0.731     0.095
     7.000     0.244     0.814     0.425     0.267     0.751     0.059
     7.000     1.020     0.704     0.439     0.062     0.731     0.087
     7.000     0.067     0.854     0.418     0.680     0.636     0.095
     7.000     0.266     0.862     0.343     0.501     0.688     0.089
     7.000     0.403     0.802     0.408     0.115     0.665     0.139
     7.000     0.349     0.855     0.368     0.452     0.633     0.123
     7.000     0.963     0.732     0.398     0.059     0.704     0.120
     7.000     0.263     0.784     0.465     0.932     0.667     0.056
     7.000     0.386     0.781     0.449     0.765     0.625     0.094
     7.000     0.148     0.868     0.395     0.652     0.651     0.088
     7.000     0.279     0.860     0.371     0.156     0.688     0.109
     7.000     0.562     0.766     0.423     0.091     0.759     0.075
     7.000     0.329     0.852     0.349     0.001     0.755     0.082
     7.000     0.506     0.834     0.345     0.391     0.726     0.065
     7.000     1.073     0.756     0.364     0.001     0.714     0.103
     7.000     0.613     0.747     0.478     0.001     0.656     0.140
     7.000     0.440     0.833     0.368     0.595     0.624     0.122
     7.000     0.258     0.812     0.414     0.027     0.715     0.114
     7.000     0.690     0.760     0.402     0.001     0.682     0.137
     7.000     0.216     0.845     0.394     0.594     0.691     0.071
     7.000     0.662     0.778     0.411     0.001     0.718     0.096
     7.000     1.044     0.740     0.386     0.001     0.724     0.096
     7.000     1.221     0.767     0.338     0.001     0.735     0.081
     7.000     0.426     0.826     0.370     0.465     0.661     0.105
     7.000     0.282     0.860     0.370     0.001     0.659     0.147
     7.000     0.506     0.818     0.376     0.625     0.685     0.063
     7.000     0.336     0.845     0.361     0.001     0.746     0.089
     7.000     0.715     0.801     0.361     0.001     0.703     0.114
     7.000     0.132     0.844     0.434     0.164     0.643     0.143
     7.000     0.767     0.760     0.416     0.001     0.672     0.136
     7.000     0.291     0.851     0.371     0.370     0.652     0.115
     7.000     0.591     0.799     0.376     0.056     0.763     0.069
     7.000     0.553     0.818     0.383     0.687     0.652     0.086
     7.000     0.472     0.814     0.389     0.134     0.696     0.109
     7.000     0.563     0.780     0.408     0.001     0.701     0.124
     7.000     0.001     0.819     0.485     0.527     0.636     0.112
     7.000     0.784     0.752     0.405     0.001     0.724     0.100
     7.000     0.692     0.788     0.391     0.001     0.762     0.062
     7.000     0.344     0.833     0.397     0.001     0.672     0.133
     7.000     0.001     0.849     0.429     0.406     0.682     0.095
     7.000     0.660     0.768     0.404     0.001     0.735     0.092
     7.000     0.848     0.739     0.419     0.272     0.648     0.132
     7.000     0.001     0.891     0.382     0.987     0.660     0.053
     7.000     0.209     0.790     0.471     0.202     0.692     0.103
     7.000     0.681     0.798     0.363     0.001     0.752     0.082
     7.000     0.276     0.830     0.408     0.001     0.745     0.078
     7.000     0.584     0.766     0.419     0.048     0.730     0.095
     7.000     0.001     0.891     0.364     0.650     0.678     0.074
     7.000     0.486     0.850     0.330     0.602     0.680     0.078
     7.000     0.019     0.888     0.376     0.690     0.617     0.119
     7.000     0.227     0.835     0.407     0.001     0.712     0.110
     7.000     0.543     0.828     0.350     0.709     0.695     0.057
     7.000     0.514     0.794     0.419     0.001     0.702     0.111
     7.000     0.989     0.725     0.401     0.007     0.760     0.076
     7.000     0.839     0.757     0.403     0.090     0.721     0.088
     7.000     1.138     0.765     0.319     0.001     0.754     0.077
     7.000     0.732     0.757     0.404     0.363     0.681     0.100
     7.000     0.001     0.883     0.375     0.865     0.631     0.090
     7.000     0.706     0.790     0.371     0.001     0.739     0.089
     7.000     0.974     0.726     0.426     0.209     0.695     0.102
     7.000     0.060     0.857     0.393     0.001     0.715     0.112
     7.000     0.024     0.879     0.374     0.875     0.675     0.055
     7.000     0.254     0.821     0.441     0.644     0.702     0.045
     7.000     0.092     0.922     0.286     0.566     0.724     0.054
     7.000     0.593     0.788     0.420     0.167     0.684     0.108
     7.000     0.001     0.885     0.380     0.633     0.680     0.071
     7.000     0.001     0.898     0.371     0.070     0.712     0.100
     7.000     0.562     0.815     0.357     0.637     0.673     0.082
     7.000     0.496     0.798     0.430     0.453     0.702     0.064
     7.000     0.199     0.835     0.385     0.001     0.754     0.090
     7.000     0.428     0.882     0.300     0.279     0.693     0.097
     7.000     0.275     0.826     0.404     0.001     0.669     0.152
     7.000     0.055     0.817     0.448     0.001     0.692     0.131
     7.000     1.234     0.750     0.352     0.001     0.721     0.092
     7.000     0.481     0.786     0.425     0.536     0.664     0.088
     7.000     0.256     0.803     0.441     0.001     0.709     0.116
     7.000     1.017     0.749     0.360     0.001     0.768     0.072
     7.000     0.253     0.895     0.318     0.390     0.686     0.089
     7.000     0.012     0.873     0.396     0.001     0.660     0.151
     7.000     0.352     0.805     0.440     0.101     0.693     0.109
     7.000     0.842     0.759     0.398     0.001     0.760     0.071
     7.000     0.001     0.881     0.400     0.689     0.652     0.084
     7.000     0.622     0.738     0.455     0.014     0.772     0.066
     7.000     0.762     0.788     0.383     0.001     0.739     0.080
     7.000     0.001     0.881     0.398     0.608     0.675     0.074
     7.000     0.328     0.789     0.441     0.436     0.685     0.089
     7.000     0.255     0.819     0.410     0.132     0.725     0.092
     7.000     0.682     0.858     0.290     0.001     0.700     0.117
     7.000     0.042     0.799     0.510     0.474     0.623     0.122
     7.000     0.460     0.826     0.364     0.081     0.669     0.135
     7.000     0.548     0.827     0.359     0.036     0.689     0.122
     7.000     0.953     0.755     0.365     0.157     0.716     0.096
     7.000     0.714     0.766     0.412     0.001     0.696     0.120
     7.000     0.359     0.825     0.387     0.120     0.685     0.120
     7.000     0.001     0.882     0.382     0.727     0.659     0.081
     7.000     0.905     0.756     0.393     0.238     0.646     0.139
     7.000     0.632     0.773     0.409     0.279     0.735     0.065
     7.000     0.297     0.852     0.361     0.772     0.656     0.080
     7.000     1.159     0.704     0.422     0.062     0.729     0.081
     7.000     0.367     0.778     0.435     0.851     0.690     0.053
     7.000     0.574     0.800     0.417     0.001     0.681     0.126
     7.000     0.543     0.779     0.428     0.001     0.720     0.104
     7.000     0.073     0.877     0.392     0.777     0.589     0.127
     7.000     0.781     0.777     0.372     0.001     0.726     0.099
     7.000     0.240     0.835     0.384     0.001     0.742     0.097
     7.000     0.526     0.795     0.402     0.488     0.698     0.072
     7.000     0.874     0.721     0.448     0.001     0.732     0.089
     7.000     1.252     0.738     0.370     0.001     0.791     0.037
     7.000     0.324     0.835     0.397     0.477     0.685     0.080
     7.000     0.450     0.797     0.414     0.392     0.713     0.071
     7.000     0.266     0.800     0.456     0.636     0.644     0.094
     7.000     0.456     0.783     0.424     0.001     0.715     0.110
     7.000     0.377     0.799     0.439     0.304     0.692     0.097
     7.000     0.174     0.821     0.440     0.752     0.647     0.083
     7.000     0.728     0.757     0.435     0.148     0.696     0.100
     7.000     0.678     0.810     0.348     0.001     0.713     0.115
     7.000     0.153     0.786     0.482     0.760     0.717     0.037
     7.000     0.856     0.736     0.401     0.286     0.715     0.091
     7.000     0.736     0.781     0.371     0.001     0.742     0.095
     7.000     0.001     0.836     0.443     0.001     0.737     0.092
     7.000     0.001     0.865     0.404     0.486     0.607     0.155
     7.000     0.001     0.916     0.338     0.045     0.713     0.103
     7.000     0.454     0.825     0.397     0.001     0.677     0.128
     7.000     0.985     0.710     0.411     0.020     0.704     0.121
     7.000     0.370     0.813     0.413     0.612     0.709     0.051
     7.000     0.636     0.778     0.400     0.001     0.728     0.104
     7.000     0.112     0.861     0.390     0.001     0.726     0.104
     7.000     0.394     0.773     0.454     0.489     0.681     0.088
     7.000     1.134     0.721     0.390     0.178     0.684     0.110
     7.000     0.636     0.805     0.353     0.122     0.712     0.103
     7.000     0.233     0.864     0.388     0.001     0.685     0.123
     7.000     0.430     0.791     0.417     0.530     0.760     0.028
     7.000     0.725     0.756     0.418     0.069     0.753     0.071
     7.000     0.785     0.747     0.414     0.001     0.781     0.056
     7.000     0.099     0.876     0.371     0.056     0.709     0.113
     7.000     0.342     0.803     0.410     0.001     0.727     0.105
     7.000     0.165     0.869     0.369     0.512     0.671     0.091
     7.000     0.001     0.846     0.439     0.140     0.634     0.157
     7.000     0.116     0.853     0.412     0.479     0.653     0.106
     7.000     0.379     0.827     0.386     0.001     0.636     0.165
     7.000     0.623     0.817     0.357     0.315     0.669     0.115
     7.000     0.314     0.837     0.367     0.879     0.686     0.048
     7.000     0.232     0.822     0.421     0.490     0.727     0.046
     7.000     0.604     0.795     0.386     0.001     0.703     0.117
     7.000     0.831     0.806     0.323     0.384     0.688     0.097
     7.000     0.054     0.887     0.388     0.001     0.659     0.142
     7.000     0.909     0.709     0.467     0.001     0.735     0.076
     7.000     0.618     0.828     0.341     0.001     0.745     0.086
     7.000     0.135     0.841     0.407     0.690     0.724     0.034
     7.000     0.001     0.917     0.346     0.659     0.638     0.098
     7.000     0.053     0.848     0.428     0.648     0.648     0.096
     7.000     0.368     0.831     0.365     0.217     0.708     0.098
     7.000     0.001     0.872     0.371     0.737     0.650     0.103
     7.000     0.769     0.797     0.352     0.001     0.719     0.102
     7.000     0.250     0.821     0.419     0.207     0.695     0.099
     7.000     0.797     0.790     0.365     0.001     0.737     0.091
     7.000     0.375     0.777     0.463     0.179     0.701     0.096
     7.000     0.432     0.851     0.352     0.001     0.680     0.132
     7.000     0.033     0.919     0.303     0.294     0.647     0.144
     7.000     0.974     0.801     0.324     0.001     0.739     0.083
     7.000     0.289     0.810     0.428     0.465     0.688     0.084
     7.000     0.693     0.745     0.448     0.001     0.680     0.126
     7.000     0.779     0.791     0.356     0.100     0.665     0.138
     7.000     0.098     0.844     0.412     0.222     0.690     0.108
     7.000     1.304     0.717     0.349     0.001     0.783     0.056
     7.000     0.677     0.763     0.391     0.001     0.770     0.076
     7.000     0.750     0.782     0.363     0.187     0.788     0.037
     7.000     1.090     0.735     0.368     0.083     0.696     0.120
     7.000     0.360     0.796     0.423     0.001     0.754     0.082
     7.000     0.052     0.803     0.488     0.568     0.654     0.099
     7.000     0.120     0.850     0.407     0.519     0.679     0.084
     7.000     0.109     0.879     0.381     0.474     0.586     0.155
     7.000     1.120     0.679     0.463     0.082     0.727     0.078
     7.000     0.001     0.892     0.359     0.486     0.696     0.082
     7.000     0.469     0.827     0.373     0.001     0.732     0.088
     7.000     0.202     0.782     0.499     0.375     0.618     0.144
     7.000     0.474     0.782     0.431     0.260     0.750     0.057
     7.000     0.463     0.764     0.443     0.001     0.692     0.131
     7.000     0.375     0.831     0.386     0.133     0.655     0.143
     7.000     0.390     0.844     0.366     0.612     0.676     0.075
     7.000     0.656     0.792     0.391     0.339     0.680     0.094
     7.000     0.560     0.791     0.407     0.247     0.774     0.039
     7.000     1.169     0.723     0.358     0.387     0.725     0.067
     7.000     0.564     0.810     0.350     0.001     0.708     0.123
     7.000     0.701     0.793     0.378     0.001     0.710     0.106
     7.000     0.209     0.796     0.431     0.194     0.727     0.092
     7.000     0.766     0.735     0.424     0.163     0.706     0.101
     7.000     0.001     0.902     0.376     0.340     0.638     0.128
     7.000     1.177     0.722     0.374     0.001     0.768     0.062
     7.000     0.975     0.729     0.402     0.001     0.750     0.079
     7.000     0.703     0.762     0.396     0.001     0.734     0.097
     7.000     0.997     0.731     0.392     0.019     0.753     0.074
     7.000     0.883     0.769     0.361     0.001     0.729     0.103
     7.000     0.634     0.792     0.399     0.001     0.723     0.094
     7.000     1.385     0.638     0.443     0.256     0.695     0.104
     7.000     0.658     0.787     0.386     0.246     0.712     0.085
     7.000     0.630     0.752     0.464     0.077     0.704     0.100
     7.000     0.375     0.835     0.381     0.096     0.718     0.092
     7.000     0.437     0.805     0.405     0.001     0.703     0.120
     7.000     0.175     0.867     0.367     0.449     0.625     0.133
     7.000     0.059     0.852     0.404     0.976     0.603     0.101
     7.000     1.039     0.707     0.423     0.001     0.737     0.088
     7.000     0.629     0.787     0.410     0.001     0.686     0.122
     7.000     0.428     0.810     0.423     0.198     0.657     0.133
     7.000     0.115     0.855     0.417     0.472     0.640     0.116
     7.000     0.731     0.784     0.372     0.248     0.720     0.088
     7.000     0.496     0.739     0.502     0.317     0.703     0.078
     7.000     0.370     0.832     0.374     0.001     0.731     0.097
     7.000     0.397     0.790     0.461     0.001     0.725     0.088
     7.000     0.846     0.782     0.350     0.296     0.712     0.087
     7.000     0.682     0.797     0.359     0.224     0.732     0.076
     7.000     1.027     0.700     0.439     0.001     0.684     0.131
     7.000     0.538     0.804     0.382     0.001     0.687     0.127
     7.000     1.303     0.734     0.341     0.001     0.725     0.096
     7.000     0.628     0.782     0.395     0.791     0.658     0.077
     7.000     0.585     0.781     0.424     0.532     0.658     0.095
     7.000     0.574     0.799     0.377     0.001     0.718     0.109
     7.000     0.414     0.794     0.407     0.235     0.696     0.103
     7.000     0.451     0.783     0.450     0.491     0.639     0.114
     7.000     0.499     0.779     0.412     0.676     0.671     0.087
     7.000     0.852     0.801     0.326     0.174     0.745     0.070
     7.000     0.001     0.869     0.405     0.716     0.614     0.120
     7.000     0.001     0.839     0.440     0.750     0.623     0.109
     7.000     0.337     0.850     0.372     0.552     0.736     0.033
     7.000     0.070     0.810     0.486     0.255     0.710     0.076
     7.000     0.271     0.827     0.388     0.789     0.715     0.031
     7.000     0.700     0.768     0.410     0.416     0.724     0.056
     7.000     0.580     0.822     0.370     0.001     0.711     0.100
     7.000     0.360     0.801     0.420     0.001     0.684     0.134
     7.000     0.261     0.842     0.383     0.405     0.642     0.123
     7.000     0.140     0.899     0.325     0.573     0.624     0.126
     7.000     0.001     0.870     0.361     0.455     0.682     0.103
     7.000     0.788     0.739     0.439     0.001     0.659     0.148
     7.000     0.197     0.801     0.459     0.637     0.645     0.100
     7.000     0.115     0.856     0.379     0.116     0.661     0.144
     7.000     0.200     0.843     0.400     0.328     0.685     0.103
     7.000     0.809     0.759     0.392     0.685     0.675     0.070
     7.000     0.001     0.858     0.400     0.318     0.673     0.112
     7.000     0.548     0.813     0.395     0.245     0.689     0.093
     7.000     0.311     0.807     0.416     0.476     0.688     0.088
     7.000     0.568     0.784     0.390     0.088     0.701     0.114
     7.000     0.775     0.800     0.335     0.001     0.729     0.100
     7.000     0.305     0.784     0.471     1.185     0.632     0.050
     7.000     0.133     0.832     0.427     0.001     0.724     0.102
     7.000     0.578     0.808     0.376     0.001     0.703     0.116
     7.000     0.761     0.769     0.407     0.001     0.698     0.116
     7.000     0.184     0.819     0.425     0.492     0.696     0.080
     7.000     0.588     0.759     0.432     0.280     0.781     0.034
     7.000     0.495     0.833     0.349     0.469     0.730     0.048
     7.000     0.947     0.749     0.370     0.001     0.779     0.060
     7.000     0.139     0.803     0.463     0.754     0.668     0.074
     7.000     0.525     0.795     0.408     0.331     0.658     0.120
     7.000     0.665     0.784     0.401     0.001     0.758     0.067
     7.000     0.249     0.782     0.482     0.160     0.733     0.075
     7.000     0.943     0.720     0.435     0.039     0.660     0.142
     7.000     0.466     0.879     0.282     0.001     0.787     0.057
     7.000     0.498     0.792     0.419     0.209     0.665     0.125
     7.000     0.048     0.844     0.422     0.110     0.707     0.106
     7.000     0.318     0.769     0.474     0.636     0.626     0.116
     7.000     0.001     0.882     0.388     0.521     0.689     0.074
     7.000     0.416     0.782     0.450     0.343     0.661     0.115
     7.000     0.381     0.798     0.426     0.220     0.645     0.142
     7.000     0.803     0.777     0.361     0.156     0.786     0.044
     7.000     0.190     0.837     0.401     0.169     0.733     0.077
     7.000     0.051     0.935     0.329     0.403     0.668     0.091
     7.000     0.001     0.878     0.386     0.409     0.653     0.123
     7.000     0.389     0.820     0.410     0.305     0.654     0.114
     7.000     0.310     0.857     0.356     0.656     0.657     0.091
     7.000     0.001     0.901     0.334     0.762     0.670     0.080
     7.000     1.058     0.728     0.410     0.068     0.685     0.118
     7.000     0.001     0.879     0.397     0.858     0.668     0.056
     7.000     0.415     0.834     0.371     0.077     0.704     0.110
     7.000     0.001     0.873     0.390     0.570     0.696     0.070
     7.000     0.599     0.767     0.430     0.357     0.722     0.066
     7.000     0.322     0.846     0.381     0.739     0.677     0.062
     7.000     0.403     0.775     0.462     0.609     0.674     0.082
     7.000     0.405     0.852     0.350     0.001     0.703     0.113
     7.000     0.139     0.847     0.421     0.530     0.637     0.111
     7.000     0.279     0.815     0.425     0.101     0.733     0.082
     7.000     0.515     0.790     0.413     0.225     0.629     0.144
     7.000     0.933     0.787     0.325     0.464     0.720     0.063
     7.000     0.748     0.793     0.344     0.133     0.732     0.088
     7.000     0.617     0.800     0.384     0.001     0.745     0.078
     7.000     0.797     0.737     0.446     0.001     0.695     0.116
     7.000     0.686     0.810     0.348     0.350     0.692     0.089
     7.000     0.753     0.777     0.387     0.687     0.673     0.069
     7.000     0.193     0.857     0.395     0.421     0.654     0.109
     7.000     0.521     0.805     0.387     0.319     0.685     0.101
     7.000     0.399     0.802     0.425     0.626     0.633     0.108
     7.000     0.848     0.768     0.380     0.338     0.657     0.123
     7.000     0.001     0.884     0.388     1.054     0.645     0.058
     7.000     0.259     0.832     0.410     0.648     0.649     0.092
     7.000     0.232     0.849     0.381     0.282     0.647     0.134
     7.000     0.214     0.810     0.447     0.064     0.725     0.085
     7.000     0.001     0.887     0.387     0.757     0.648     0.081
     7.000     0.865     0.753     0.382     0.001     0.738     0.094
     7.000     0.949     0.758     0.383     0.001     0.706     0.108
     7.000     0.589     0.768     0.420     0.001     0.724     0.094
     7.000     0.001     0.872     0.379     0.956     0.703     0.030
     7.000     0.001     0.884     0.360     0.304     0.707     0.094
     7.000     0.489     0.822     0.354     0.001     0.773     0.069
     7.000     0.891     0.721     0.452     0.001     0.727     0.085
     7.000     0.893     0.755     0.387     0.001     0.723     0.105
     7.000     0.666     0.755     0.420     0.712     0.736     0.030
     7.000     0.848     0.712     0.472     0.016     0.724     0.093
     7.000     0.497     0.838     0.370     0.490     0.616     0.129
     7.000     0.335     0.830     0.397     0.001     0.668     0.141
     7.000     0.289     0.801     0.441     0.396     0.585     0.165
     7.000     0.280     0.840     0.385     0.156     0.711     0.097
     7.000     0.147     0.834     0.432     0.275     0.714     0.081
     7.000     0.589     0.779     0.417     0.340     0.707     0.084
     7.000     0.419     0.831     0.376     0.225     0.711     0.084
     7.000     0.685     0.809     0.362     0.210     0.731     0.069
     7.000     0.529     0.780     0.450     0.416     0.608     0.139
     7.000     0.201     0.880     0.345     0.001     0.735     0.096
     7.000     0.721     0.749     0.432     0.033     0.713     0.103
     7.000     0.373     0.824     0.405     0.339     0.628     0.141
     7.000     0.573     0.823     0.369     0.001     0.681     0.125
     7.000     0.001     0.895     0.364     0.528     0.691     0.077
     7.000     0.758     0.771     0.413     0.036     0.697     0.111
     7.000     0.529     0.810     0.397     0.264     0.599     0.167
     7.000     0.001     0.849     0.429     0.123     0.687     0.117
     7.000     0.326     0.810     0.444     0.433     0.692     0.072
     7.000     0.925     0.786     0.355     0.001     0.672     0.132
     7.000     1.084     0.696     0.440     0.001     0.743     0.085
     7.000     0.121     0.887     0.356     0.056     0.728     0.095
     7.000     0.608     0.762     0.422     0.001     0.712     0.112
     7.000     0.532     0.766     0.436     0.279     0.691     0.101
     7.000     0.434     0.855     0.340     0.001     0.703     0.112
     7.000     1.155     0.707     0.386     0.167     0.762     0.061
     7.000     0.436     0.827     0.385     0.234     0.690     0.098
     7.000     0.679     0.777     0.385     0.001     0.761     0.077
     7.000     0.730     0.751     0.437     0.001     0.729     0.089
     7.000     0.389     0.864     0.308     0.454     0.655     0.118
     7.000     1.100     0.766     0.321     0.017     0.719     0.106
     7.000     0.001     0.915     0.335     0.359     0.640     0.132
     7.000     0.524     0.771     0.450     0.559     0.652     0.097
     7.000     0.507     0.796     0.399     0.356     0.727     0.067
     7.000     0.001     0.843     0.432     0.788     0.676     0.068
     7.000     0.001     0.932     0.321     0.876     0.632     0.081
     7.000     0.983     0.739     0.372     0.359     0.736     0.066
     7.000     0.506     0.824     0.404     0.587     0.622     0.111
     7.000     0.687     0.781     0.408     0.001     0.696     0.113
     7.000     0.788     0.778     0.393     0.102     0.683     0.110
     7.000     1.091     0.768     0.355     0.001     0.721     0.090
     7.000     0.001     0.871     0.389     0.539     0.656     0.103
     7.000     0.912     0.766     0.352     0.458     0.705     0.074
     7.000     1.232     0.706     0.406     0.359     0.673     0.101
     7.000     0.007     0.846     0.440     0.708     0.636     0.093
     7.000     0.201     0.788     0.475     0.609     0.572     0.157
     7.000     0.867     0.739     0.419     0.001     0.715     0.108
     7.000     0.663     0.757     0.436     0.001     0.717     0.099
     7.000     0.106     0.832     0.416     0.752     0.617     0.119
     7.000     0.821     0.717     0.464     0.610     0.667     0.077
     7.000     0.391     0.803     0.424     0.265     0.706     0.088
     7.000     0.069     0.872     0.397     0.397     0.645     0.118
     7.000     0.777     0.752     0.420     0.001     0.685     0.129
     7.000     1.078     0.763     0.354     0.001     0.738     0.085
     7.000     0.647     0.788     0.394     0.001     0.751     0.077
     7.000     0.367     0.816     0.402     1.123     0.583     0.103
     7.000     0.961     0.754     0.367     0.001     0.751     0.081
     7.000     0.089     0.876     0.355     0.462     0.652     0.122
     7.000     0.001     0.805     0.497     0.228     0.644     0.134
     7.000     0.332     0.783     0.446     0.392     0.686     0.095
     7.000     0.508     0.789     0.408     0.392     0.688     0.090
     7.000     0.522     0.802     0.402     0.001     0.697     0.122
     7.000     0.680     0.802     0.363     0.140     0.719     0.091
     7.000     0.001     0.843     0.435     0.566     0.577     0.156
     7.000     0.001     0.888     0.372     0.826     0.602     0.119
     7.000     0.012     0.900     0.372     1.034     0.595     0.092
     7.000     0.001     0.919     0.324     0.543     0.645     0.107
     7.000     0.253     0.783     0.473     0.586     0.672     0.083
     7.000     0.219     0.829     0.423     0.349     0.708     0.078
     7.000     0.844     0.776     0.384     0.254     0.676     0.110
     7.000     0.596     0.796     0.393     0.222     0.693     0.100
     7.000     0.257     0.838     0.398     0.785     0.607     0.114
     7.000     0.776     0.751     0.407     0.001     0.709     0.117
     7.000     0.967     0.729     0.428     0.001     0.675     0.127
     7.000     0.373     0.758     0.471     0.001     0.717     0.114
     7.000     0.772     0.781     0.369     0.780     0.677     0.063
     7.000     0.303     0.809     0.442     0.001     0.642     0.159
     7.000     0.489     0.820     0.377     0.158     0.695     0.111
     7.000     0.791     0.787     0.358     0.454     0.751     0.039
     7.000     0.845     0.775     0.354     0.001     0.708     0.118
     7.000     0.787     0.756     0.399     0.168     0.757     0.060
     7.000     0.442     0.838     0.356     0.302     0.704     0.089
     7.000     0.429     0.794     0.416     0.850     0.684     0.052
     7.000     0.611     0.826     0.337     0.001     0.707     0.116
     7.000     0.989     0.706     0.425     0.354     0.676     0.106
     7.000     1.023     0.719     0.413     0.001     0.695     0.124
     7.000     0.356     0.853     0.350     0.328     0.728     0.062
     7.000     0.154     0.829     0.421     0.324     0.634     0.142
     7.000     0.772     0.812     0.337     0.038     0.769     0.061
     7.000     0.001     0.869     0.398     0.397     0.700     0.083
     7.000     0.001     0.861     0.395     0.199     0.681     0.119
     7.000     0.673     0.823     0.338     0.027     0.740     0.080
     7.000     0.190     0.840     0.403     0.220     0.681     0.113
     7.000     0.557     0.781     0.419     0.087     0.712     0.098
     7.000     0.605     0.793     0.398     0.001     0.725     0.094
     7.000     0.400     0.787     0.438     0.257     0.686     0.106
     7.000     0.545     0.784     0.430     0.124     0.713     0.087
     7.000     0.668     0.713     0.475     0.001     0.775     0.065
     7.000     0.001     0.848     0.429     0.418     0.694     0.087
     7.000     0.676     0.806     0.367     0.328     0.709     0.079
     7.000     0.630     0.811     0.357     0.181     0.698     0.105
     7.000     0.747     0.732     0.436     0.060     0.725     0.094
     7.000     0.576     0.857     0.313     0.001     0.725     0.097
     7.000     0.739     0.782     0.387     0.001     0.720     0.104
     7.000     0.295     0.791     0.452     0.001     0.685     0.132
     7.000     0.548     0.787     0.410     0.001     0.692     0.125
     7.000     0.777     0.705     0.477     0.001     0.671     0.143
     7.000     0.557     0.821     0.362     0.024     0.718     0.103
     7.000     0.559     0.831     0.350     0.001     0.743     0.086
     7.000     0.497     0.778     0.420     0.001     0.736     0.099
     7.000     0.728     0.722     0.461     0.368     0.675     0.108
     7.000     0.785     0.753     0.400     0.087     0.767     0.062
     7.000     0.547     0.714     0.530     0.001     0.693     0.118
     7.000     0.602     0.815     0.342     0.001     0.677     0.152
     7.000     0.557     0.773     0.435     0.971     0.573     0.123
     7.000     0.759     0.779     0.395     0.001     0.674     0.130
     7.000     0.621     0.789     0.386     0.001     0.731     0.096
     7.000     0.509     0.803     0.388     0.001     0.752     0.080
     7.000     0.584     0.758     0.436     0.001     0.747     0.082
     7.000     0.830     0.739     0.423     0.279     0.752     0.049
     7.000     0.380     0.814     0.424     0.559     0.630     0.112
     7.000     0.125     0.888     0.345     0.177     0.739     0.074
     7.000     0.637     0.702     0.513     0.255     0.709     0.082
     7.000     1.181     0.723     0.377     0.095     0.743     0.077
     7.000     0.609     0.804     0.366     0.001     0.764     0.071
     7.000     0.080     0.818     0.466     0.161     0.703     0.098
     7.000     0.501     0.781     0.408     0.001     0.675     0.146
     7.000     0.878     0.750     0.401     0.193     0.707     0.092
     7.000     0.811     0.749     0.412     0.193     0.734     0.074
     7.000     0.744     0.752     0.429     0.001     0.675     0.132
     7.000     0.500     0.827     0.360     0.049     0.738     0.093
     7.000     0.698     0.783     0.387     0.001     0.694     0.126
     7.000     0.335     0.809     0.421     0.863     0.626     0.092
     7.000     1.107     0.759     0.347     0.067     0.793     0.038
     7.000     0.455     0.829     0.375     0.134     0.671     0.130
     7.000     1.076     0.800     0.306     0.001     0.694     0.118
     7.000     0.831     0.770     0.404     0.001     0.680     0.124
     7.000     0.001     0.855     0.421     0.787     0.651     0.077
     7.000     0.200     0.836     0.396     0.789     0.717     0.029
     7.000     0.783     0.693     0.519     0.195     0.693     0.097
     7.000     0.169     0.831     0.424     0.001     0.696     0.128
     7.000     0.361     0.816     0.414     0.543     0.660     0.097
     7.000     1.200     0.755     0.348     0.001     0.706     0.110
     7.000     0.093     0.862     0.384     0.639     0.702     0.064
     7.000     0.567     0.784     0.448     0.093     0.684     0.108
     7.000     0.783     0.807     0.366     0.001     0.654     0.141
     7.000     0.902     0.741     0.390     0.001     0.736     0.100
     7.000     0.483     0.869     0.320     0.246     0.711     0.084
     7.000     0.484     0.782     0.445     0.277     0.717     0.080
     7.000     0.037     0.828     0.445     0.001     0.680     0.136
     7.000     0.305     0.787     0.465     0.465     0.659     0.104
     7.000     0.156     0.835     0.427     0.062     0.716     0.101
     7.000     0.086     0.861     0.417     0.893     0.649     0.064
     7.000     0.761     0.767     0.405     0.219     0.708     0.079
     7.000     0.378     0.802     0.403     0.388     0.684     0.099
     7.000     0.562     0.734     0.488     0.510     0.731     0.040
     7.000     0.741     0.758     0.417     0.001     0.717     0.097
     7.000     0.253     0.846     0.385     0.568     0.699     0.069
     7.000     0.001     0.856     0.415     0.233     0.689     0.112
     7.000     0.001     0.933     0.323     0.217     0.683     0.106
     7.000     0.020     0.869     0.407     0.568     0.672     0.081
     7.000     0.548     0.832     0.352     0.001     0.732     0.091
     7.000     0.033     0.848     0.405     0.890     0.675     0.061
     7.000     0.664     0.824     0.352     0.239     0.694     0.089
     7.000     0.520     0.772     0.443     0.286     0.692     0.099
     7.000     0.746     0.763     0.410     0.001     0.723     0.097
     7.000     0.608     0.766     0.451     0.184     0.671     0.114
     7.000     0.662     0.748     0.454     0.038     0.689     0.115
     7.000     0.517     0.772     0.447     0.046     0.722     0.094
     7.000     0.726     0.771     0.390     0.001     0.691     0.130
     7.000     0.303     0.752     0.523     0.706     0.692     0.049
     7.000     0.588     0.841     0.316     0.234     0.718     0.087
     7.000     0.571     0.796     0.372     0.001     0.758     0.081
     7.000     0.455     0.787     0.430     0.241     0.721     0.074
     7.000     0.317     0.808     0.420     0.550     0.724     0.050
     7.000     0.740     0.792     0.380     0.087     0.638     0.154
     7.000     0.577     0.789     0.402     0.738     0.729     0.024
     7.000     0.455     0.879     0.308     0.513     0.729     0.043
     7.000     0.407     0.833     0.354     0.061     0.739     0.092
     7.000     1.226     0.762     0.341     0.491     0.681     0.072
     7.000     0.880     0.818     0.282     0.128     0.704     0.114
     7.000     0.573     0.842     0.331     0.228     0.741     0.067
     7.000     0.645     0.754     0.431     0.001     0.734     0.092
     7.000     0.001     0.863     0.420     0.510     0.659     0.100
     7.000     0.630     0.754     0.432     0.050     0.698     0.119
     7.000     0.361     0.780     0.480     0.620     0.633     0.105
     7.000     0.968     0.725     0.419     0.001     0.756     0.071
     7.000     0.470     0.763     0.452     0.001     0.719     0.110
     7.000     1.231     0.694     0.429     0.001     0.753     0.066
     7.000     0.859     0.802     0.361     0.001     0.722     0.091
     7.000     0.375     0.868     0.323     0.513     0.690     0.082
     7.000     0.267     0.816     0.442     0.001     0.711     0.098
     7.000     1.277     0.683     0.435     0.001     0.733     0.082
     7.000     0.871     0.776     0.362     0.001     0.731     0.095
     7.000     0.039     0.870     0.392     0.915     0.620     0.098
     7.000     0.989     0.738     0.406     0.036     0.723     0.097
     7.000     0.680     0.723     0.464     0.170     0.675     0.123
     7.000     0.721     0.732     0.450     0.090     0.724     0.094
     7.000     0.432     0.778     0.469     0.001     0.686     0.115
     7.000     0.347     0.821     0.423     0.001     0.704     0.106
     7.000     0.188     0.838     0.396     0.165     0.680     0.126
     7.000     0.168     0.826     0.431     0.288     0.686     0.105
     7.000     0.378     0.801     0.414     0.054     0.666     0.143
     7.000     0.001     0.870     0.358     0.001     0.694     0.147
     7.000     0.584     0.784     0.382     0.471     0.713     0.071
     7.000     0.699     0.738     0.472     0.001     0.689     0.117
     7.000     0.534     0.852     0.328     0.062     0.729     0.090
     7.000     0.279     0.824     0.399     0.460     0.660     0.109
     7.000     0.522     0.805     0.404     0.001     0.724     0.093
     7.000     0.416     0.827     0.377     0.124     0.669     0.134
     7.000     0.001     0.877     0.401     0.806     0.628     0.098
     7.000     0.505     0.772     0.459     0.038     0.739     0.076
     7.000     0.450     0.790     0.420     0.277     0.726     0.069
     7.000     0.164     0.814     0.436     0.374     0.640     0.131
     7.000     0.151     0.853     0.393     0.347     0.668     0.112
     7.000     0.862     0.765     0.360     0.001     0.741     0.096
     7.000     0.535     0.748     0.479     0.163     0.705     0.098
     7.000     0.101     0.828     0.422     1.137     0.657     0.049
     7.000     0.137     0.818     0.448     0.307     0.688     0.098
     7.000     0.291     0.755     0.521     0.769     0.653     0.074
     7.000     1.036     0.686     0.440     0.197     0.718     0.093
     7.000     0.406     0.827     0.376     0.104     0.706     0.107
     7.000     0.289     0.831     0.396     0.244     0.740     0.061
     7.000     0.125     0.876     0.374     0.593     0.677     0.077
     7.000     0.814     0.769     0.397     0.280     0.723     0.071
     7.000     0.658     0.763     0.424     0.154     0.711     0.098
     7.000     0.351     0.816     0.413     0.234     0.706     0.092
     7.000     0.169     0.814     0.452     1.059     0.622     0.075
     7.000     0.889     0.790     0.348     0.001     0.776     0.058
     7.000     0.351     0.754     0.494     0.673     0.625     0.109
     7.000     0.980     0.765     0.368     0.410     0.670     0.094
     7.000     0.245     0.806     0.442     0.001     0.670     0.141
     7.000     0.550     0.787     0.414     0.001     0.723     0.103
     7.000     0.001     0.883     0.381     0.946     0.599     0.107
     7.000     0.690     0.744     0.447     0.001     0.745     0.080
     7.000     0.055     0.871     0.388     0.193     0.747     0.061
     7.000     0.470     0.800     0.405     0.001     0.725     0.104
     7.000     0.204     0.775     0.502     0.001     0.725     0.096
     7.000     0.362     0.808     0.435     0.480     0.702     0.068
     7.000     0.001     0.878     0.361     0.557     0.671     0.101
     7.000     0.483     0.803     0.421     0.169     0.663     0.123
     7.000     0.782     0.716     0.481     0.391     0.700     0.069
     7.000     0.137     0.810     0.450     0.962     0.679     0.045
     7.000     0.635     0.781     0.410     0.301     0.658     0.120
     7.000     0.597     0.839     0.323     0.409     0.714     0.069
     7.000     0.861     0.780     0.351     0.601     0.708     0.060
     7.000     0.023     0.823     0.472     0.812     0.632     0.088
     7.000     0.665     0.759     0.402     0.155     0.748     0.076
     7.000     0.550     0.778     0.425     0.001     0.657     0.150
     7.000     0.059     0.856     0.433     0.001     0.687     0.122
     7.000     0.212     0.830     0.406     0.001     0.685     0.135
     7.000     0.151     0.909     0.336     0.565     0.631     0.109
     7.000     0.001     0.855     0.430     0.283     0.654     0.127
     7.000     0.094     0.801     0.477     0.786     0.645     0.087
     7.000     0.001     0.848     0.454     0.395     0.634     0.119
     7.000     0.678     0.800     0.343     0.163     0.738     0.083
     7.000     0.207     0.826     0.422     0.362     0.632     0.135
     7.000     0.028     0.868     0.381     0.843     0.644     0.089
     7.000     0.671     0.793     0.387     0.019     0.738     0.088
     7.000     0.454     0.818     0.394     0.001     0.751     0.072
     7.000     0.693     0.768     0.419     0.276     0.722     0.065
     7.000     0.230     0.878     0.335     0.185     0.728     0.087
     7.000     0.182     0.849     0.377     0.092     0.717     0.105
     7.000     0.393     0.852     0.332     0.001     0.759     0.078
     7.000     0.001     0.854     0.410     1.228     0.636     0.055
     7.000     0.622     0.785     0.391     0.011     0.698     0.119
     7.000     0.515     0.858     0.322     0.001     0.685     0.129
     7.000     0.746     0.762     0.409     0.001     0.756     0.073
     7.000     0.946     0.723     0.414     0.022     0.746     0.083
     7.000     0.545     0.787     0.423     0.001     0.728     0.093
     7.000     0.420     0.778     0.462     0.492     0.595     0.145
     7.000     0.504     0.843     0.335     0.001     0.691     0.126
     7.000     0.927     0.700     0.446     0.150     0.690     0.115
     7.000     0.463     0.777     0.453     0.001     0.722     0.096
     7.000     0.675     0.812     0.344     0.001     0.750     0.086
     7.000     0.564     0.766     0.460     0.050     0.692     0.110
     7.000     0.001     0.839     0.449     0.722     0.653     0.089
     7.000     0.001     0.798     0.522     0.649     0.664     0.081
