59
67
55
46
28
43
97
137
108
103
94
86
79
60
68
67
67
65
43
62
53
92
54
49
59
62
34
47
37
29
44
43
44
60
48
30
48
35
32
28
27
31
25
15
29
33
24
22
40
37
33
37
46
38
46
45
47
35
39
66
32
47
53
54
45
32
45
32
27
25
19
52
46
62
47
48
56
56
41
58
39
58
53
49
61
35
42
51
43
52
42
79
72
68
64
71
93
53
63
54
57
57
70
56
56
66
60
74
73
61
73
57
60
64
47
52
44
38
45
45
45
33
32
33
33
27
22
30
21
27
19
19
26
25
30
24
42
28
28
18
35
38
20
44
29
29
29
26
43
36
31
28
27
47
34
45
38
28
22
43
49
43
28
28
44
31
38
52
36
43
48
46
57
47
25
20
31
24
30
32
36
38
39
40
77
67
63
55
61
57
91
121
72
78
72
48
70
57
78
66
109
70
61
100
63
71
81
52
39
67
49
38
39
29
37
70
36
34
37
40
34
52
38
27
56
52
41
46
44
39
24
24
21
23
37
25
15
28
21
37
52
34
30
67
46
45
33
49
33
45
33
28
22
24
48
38
25
17
19
56
63
26
29
37
26
28
29
33
27
29
23
43
45
47
50
42
81
67
58
42
63
66
55
60
67
61
43
42
66
53
79
51
104
79
69
67
41
69
41
59
68
57
53
54
41
36
28
48
33
27
34
60
53
65
58
36
52
44
44
50
37
38
51
39
47
47
50
45
44
26
29
68
55
48
36
65
52
47
53
47
42
32
31
35
34
31
23
59
63
34
49
86
46
56
29
50
30
33
31
36
49
41
44
26
51
42
38
50
84
102
111
90
77
100
91
63
87
73
81
58
57
60
40
66
60
57
55
40
46
42
26
30
45
40
41
35
43
20
45
33
35
30
22
21
28
36
30
23
28
37
27
34
29
25
29
33
40
29
27
27
34
40
42
40
41
28
27
49
31
49
38
33
38
40
44
35
35
26
28
41
36
35
46
89
56
57
41
49
46
48
34
28
41
33
44
43
41
23
22
40
51
45
67
37
47
73
69
59
37
50
42
42
34
38
29
24
39
57
56
31
41
13
26
29
15
32
26
26
28
37
23
17
11
8
16
22
24
26
36
20
37
20
21
19
38
15
19
22
20
27
29
44
20
20
23
27
23
32
16
42
30
26
27
37
28
43
23
30
25
9
26
32
24
32
12
3
27
31
18
32
16
31
10
21
32
42
47
32
17
27
18
19
28
33
19
25
24
18
29
36
41
37
18
19
36
23
15
27
28
17
21
21
17
16
11
19
17
10
15
15
11
15
10
15
9
10
8
16
9
9
12
16
12
19
11
9
19
37
65
44
22
26
18
25
35
29
25
43
37
23
25
32
16
35
16
12
14
20
10
10
20
17
19
20
26
31
26
31
24
35
20
15
31
23
7
30
39
20
15
26
14
17
17
25
53
37
28
29
31
19
14
21
41
12
23
39
14
39
26
27
43
25
45
39
30
41
27
33
26
21
17
36
26
13
31
39
21
13
6
15
15
7
23
11
11
18
37
34
21
33
22
15
8
22
27
16
7
18
15
16
12
21
10
33
30
23
33
22
39
16
18
31
19
16
19
32
29
13
22
39
38
48
34
31
21
23
27
43
18
31
51
38
35
59
28
28
59
49
56
63
40
31
41
52
39
54
25
21
39
28
32
35
37
36
28
23
29
28
53
21
28
28
26
24
16
16
24
22
20
28
25
20
29
23
29
19
20
14
22
22
34
22
14
42
21
18
11
18
26
26
22
13
21
19
15
35
40
32
27
21
20
18
14
22
16
10
12
14
19
11
40
20
27
32
23
26
19
36
25
13
12
20
23
14
28
25
17
35
33
34
40
36
49
35
29
32
27
45
37
48
34
28
23
17
18
44
18
20
21
22
15
21
15
17
17
16
16
13
14
14
35
33
99
34
28
14
26
28
29
40
22
16
63
41
24
28
24
25
30
35
20
27
35
28
22
23
25
28
56
26
34
25
19
19
54
38
40
46
24
22
27
26
21
30
22
23
27
25
35
27
26
17
45
13
33
33
23
12
32
27
52
33
22
40
56
32
44
30
45
29
36
29
33
45
47
34
41
43
31
31
26
25
24
25
25
29
26
23
32
34
25
15
31
22
25
21
21
20
17
22
24
13
12
16
22
12
18
25
44
30
22
24
11
23
17
20
19
23
36
23
20
16
39
44
19
16
30
20
28
20
16
19
27
23
23
38
26
31
38
16
27
13
17
18
10
14
26
18
29
25
31
20
42
39
25
55
38
37
47
53
42
48
23
34
29
33
25
30
19
28
24
15
28
36
36
18
13
27
27
25
25
18
20
16
16
13
35
17
24
23
20
21
19
22
16
30
15
15
27
22
20
16
34
17
16
13
30
34
28
37
34
30
63
35
33
36
38
18
19
22
18
20
22
18
24
30
18
32
20
30
21
21
16
15
27
21
31
36
26
29
17
32
38
37
18
24
57
49
50
44
34
24
41
35
32
33
23
26
42
48
57
36
146
77
76
69
96
57
57
64
79
74
52
42
32
58
29
32
20
24
24
15
13
21
29
22
21
21
21
33
25
24
18
25
24
46
46
52
35
43
34
49
35
42
41
21
22
31
24
22
17
24
17
18
21
22
18
33
11
18
23
27
24
41
34
36
34
30
38
47
31
43
23
23
29
29
171
171
171
171
171
171
184
209
239
174
141
227
197
148
154
144
149
117
133
152
133
147
148
142
124
140
105
122
96
106
96
92
114
104
115
94
106
91
88
105
89
95
85
79
96
90
80
90
85
117
100
85
110
122
88
123
93
100
102
67
115
106
98
94
78
95
96
103
82
60
59
112
69
45
72
86
82
59
75
55
76
83
49
73
48
64
37
57
53
78
54
80
109
87
96
63
72
71
89
94
65
62
61
89
69
82
65
57
54
53
61
77
89
55
44
77
57
59
54
74
84
65
46
52
62
68
55
52
39
38
36
37
44
39
56
43
49
35
49
48
33
32
47
78
56
50
51
77
71
59
69
70
62
45
52
53
64
41
57
41
38
44
32
39
55
62
76
46
37
40
57
30
32
31
32
47
35
19
28
34
32
26
47
32
